Reminder: 2025-05-19T12:48:58.592267
Reminder: 2025-05-19T12:49:58.014035
Reminder: 2025-05-19T12:50:57.995950
Reminder: 2025-05-19T13:18:28.284270
